function coef=order6(t0,t,x0,x,v0,v,a0,a)
coef=[t0^5 t0^4 t0^3 t0^2 t0 1;t^5 t^4 t^3 t^2 t 1;...
    5*t0^4 4*t0^3 3*t0^2 2*t0 1 0;5*t^4 4*t^3 3*t^2 2*t 1 0;...
    20*t0^3 12*t0^2 6*t0 2 0 0;20*t^3 12*t^2 6*t 2 0 0;]\[x0;x;v0;v;a0;a];
end
    